h=0.100000T=200000.000000Serial Temporal-Blocking and ForwardBack combination version-----
T=200000, h=0.1, N=2000000
y[2000000]=1.261584e-03	time usage=1824.8	GFLOPs=4.38404
