h=0.100000T=40000.000000Serial Temporal-Blocking and ForwardBack combination version-----
T=40000, h=0.1, N=400000
y[400000]=2.820915e-03	time usage=65.73	GFLOPs=4.86841
