h=0.100000T=20000.000000Serial Temporal-Blocking and ForwardBack combination version-----
T=20000, h=0.1, N=200000
y[200000]=3.989326e-03	time usage=16.4	GFLOPs=4.87807
