Serial Forward-Back version---------------
T=40000, h=0.1, N=400000
y[400000]=2.820915e-03      time usage=92.92      GFLOPs=3.44383
