Serial Forward-Back version---------------
T=20000, h=0.1, N=200000
y[200000]=3.989326e-03      time usage=23.06      GFLOPs=3.46923
