Serial Baseline version---------------
T=100000, h=0.1, N=1000000
y[1000000]=1.784120e-03    time usage=895.28    GFLOPs=2.23394
