Serial Baseline version---------------
T=200000, h=0.1, N=2000000
y[2000000]=1.261584e-03    time usage=5290.2    GFLOPs=1.51223
