Serial LoopFusion version---------------
T=40000, h=0.1, N=400000
y[400000]=2.820915e-03    time usage=97.09    GFLOPs=3.29592
