Serial LoopFusion version---------------
T=200000, h=0.1, N=2000000
y[2000000]=1.261584e-03    time usage=3310.25    GFLOPs=2.41674
