Serial LoopFusion version---------------
T=100000, h=0.1, N=1000000
y[1000000]=1.784120e-03    time usage=687.67    GFLOPs=2.90837
