Serial Temporal-Blocking version---------------
T=200000, h=0.1, N=2000000
y[2000000]=1.261584e-03	time usage=2187.82	GFLOPs=3.65661
